s<- 4+6
s
